100
3568 887100 8
2590 45700 5
8135 346033 4
4153 196591 1
3376 156586 6
1925 194236 4
39 1000000 3
6153 882984 8
1002 914907 8
9929 160753 4
9705 834597 8
2433 588437 7
6311 744038 5
0 100 2
10 22322 2
7597 115191 5
6366 921028 2
7243 39232 6
7998 968182 1
2789 205886 5
7800 282033 2
3207 523325 2
3491 376189 1
3263 62970 1
3725 832955 1
100000 1000000000000000000 3
999 99999 78788
3901 458931 4
378 659223 5
6916 519450 6
2035 587687 6
4766 385349 3
332 539995 7
4945 279540 7
22322 22322 1
0 132 1
5759 165757 6
8229 384684 2
1056 45030 4
5630 555906 6
8989 909410 5
8764 690922 4
573 319349 5
1363 123520 8
490 499674 1
2871 611476 1
8984 321196 7
5579 763362 2
8324 696474 7
1000000000 1000000000000000000 1
0 1000000000000000000 1
938 717057 3
1516 476245 5
4131 988357 1
1209 371972 7
121 132 1
2675 641763 3
852 514597 2
400 793131 4
3825 934105 6
3748 207521 4
4609 64949 8
1396 974496 5
7075 952308 3
7977 626769 9
9352 507517 9
34432 9999920 222
5541 34105 7
2851 217912 4
8483 164651 3
8621 305784 1
121 121 11
9324 755359 1
646 753992 3
2519 171840 3
9597 30751 2
5992 237133 9
8892 186601 5
9628 221919 9
21345 4441283 13
981 265444 4
2965 769993 4
9481 668314 4
9974 603759 9
3127 909969 3
2228 961000 6
9385 146808 1
873 84000 1
2428 914457 2
9390 517315 4
1813 539974 3
5272 393026 2
886 56750 8
6673 645665 9
1616 875376 6
4401 792858 5
9523 81976 5
121 131 1
0 1000000000000000000 1000000000
3976 759716 7
