100
6537523
8184167
4046177
9999972
4170220
6463741
9999929
4572049
3023326
3702389
7
1862603
4751053
8873129
6987083
8
9999163
3929879
6697461
6513281
5331653
10
140839
9010879
3132736
2044523
4461643
9999995
10000000
6716541
7551991
7762723
9299449
9999931
1
2872729
592432
9999930
1481717
4
86293
9682616
6704676
1507483
9987391
9971849
3
5462959
983469
928009
5
8248729
9999998
3323191
9999991
9999162
12
2360890
9309119
9999996
4461641
2896297
1281246
3410821
6865010
9999973
8697851
7203246
3855409
2
3877633
9999999
559513
9999997
13
3191803
8603593
1264969
4461642
1750607
2295773
4125389
7742461
615403
9
3949061
3910981
8237213
9999971
1144
9325574
5388168
9999161
4936439
7783893
1403870
6
1221469
11
8460583
